 1 NGC1333                   03 29 02 +31 20 54 05.0
 2 IC348                     03 44 34 +32 09 48 05.0
 3 M42                       05 35 17 -05 23 28 05.0
 4 NGC2264                   06 40 58 +09 53 42 05.0
 5 SigmaOri                  05 38 45 -02 36 00 05.0
 6 LambdaOri                 05 35 06 +09 56 00 05.0
 7 L1641N                    05 36 19 -06 22 12 05.0
 8 NGC2244                   06 31 55 +04 56 30 05.0
 9 NGC2068                   05 46 46 +00 04 12 05.0
10 Berkeley86                20 20 12 +38 41 24 05.0
11 PCyg                      20 17 47 +38 01 59 05.0
12 MWSC3274                  20 11 13 +37 27 00 05.0
14 IC1396N                   21 40 42 +58 16 06 05.0
15 IC1396A                   21 36 35 +57 30 36 05.0
16 NGC7129_incl_205_V350Cep  21 42 56 +66 06 12 05.0
18 IC5070_incl_201_V2492Cyg  20 51 00 +44 22 00 05.0
19 IC5146_incl_204_Gaia16aez 21 53 29 +47 16 01 05.0
22 V898Ori                   05 40 26 -07 05 37 05.0
23 YYOri                     05 34 48 -05 57 57 05.0
28 ASASSN-13db               05 10 11 -03 28 26 05.0
20 V555Ori                   05 35 09 -04 46 52 05.0
22 Gaia17bpi                 19 31 06 +18 21 29 05.0
23 Gai19fct                  07 09 21 -10 29 35 05.0